	0	0.1	1700	1352	1747	1374	17490.	OTHER
0	0	0	1031	2107	1086	2127	175025.	OTHER
1	0	0	1031	2157	1099	2183	victoria	OTHER
2	97	100	784	31	892	71	2018	OTHER
3	102	104	903	32	993	72	W-2	OTHER
4	106	108	1007	32	1088	73	and	OTHER
5	110	117	1103	32	1355	73	EARNINGS	OTHER
6	119	125	1372	30	1616	73	SUMMARY	OTHER
7	184	186	1767	20	1836	58	FDP	OTHER
8	205	212	116	85	199	104	Employee	OTHER
9	214	222	254	80	347	102	Reference	OTHER
10	233	235	421	81	457	101	Cop	OTHER
11	280	283	716	78	763	103	This	OTHER
12	285	288	767	78	821	103	blue	OTHER
13	290	297	824	78	927	103	Earnings	OTHER
14	299	305	931	79	1043	103	Summary	OTHER
15	307	313	1047	80	1130	103	section	OTHER
16	315	316	1134	80	1156	103	is	OTHER
17	318	325	1160	80	1258	103	included	OTHER
18	327	330	1262	80	1312	103	with	OTHER
19	332	335	1316	80	1368	103	your	OTHER
20	337	339	1372	80	1422	103	W-2	OTHER
21	341	342	1426	80	1450	103	to	OTHER
22	344	347	1454	79	1505	103	help	OTHER
23	349	356	1513	79	1607	103	describe	OTHER
24	358	365	1611	78	1705	103	portions	OTHER
25	367	368	1709	78	1731	103	in	OTHER
26	370	373	1736	77	1798	103	more	OTHER
27	375	381	1806	77	1867	102	detail.	OTHER
28	413	416	204	105	255	132	Wage	OTHER
29	418	420	286	110	313	129	and	OTHER
30	422	424	351	110	382	132	Tax	OTHER
31	475	477	717	103	757	129	The	OTHER
32	479	485	761	104	848	129	reverse	OTHER
33	487	490	852	105	901	130	side	OTHER
34	492	499	905	106	1003	130	includes	OTHER
35	501	507	1008	107	1092	130	general	OTHER
36	509	519	1097	107	1226	130	information	OTHER
37	521	524	1231	107	1275	130	that	OTHER
38	526	528	1280	107	1321	130	you	OTHER
39	530	532	1326	107	1380	130	may	OTHER
40	534	537	1384	106	1433	130	also	OTHER
41	539	542	1437	106	1479	130	find	OTHER
42	544	550	1483	105	1559	130	helpful	OTHER
43	552	554	20	138	81	168	W-2	OTHER
44	583	591	203	128	270	153	Statement	OTHER
45	595	598	414	139	484	168	2018	taxYear
46	600	603	17	183	48	201	Copy	OTHER
47	605	605	51	182	60	201	C	OTHER
48	607	609	63	182	79	201	for	OTHER
49	611	620	81	182	148	202	employee's	OTHER
50	622	629	150	182	197	203	records.	OTHER
51	643	644	405	173	426	196	MB	OTHER
52	646	648	429	173	453	196	No.	OTHER
53	650	658	456	173	521	197	1545-0008	OTHER
54	700	701	778	179	798	204	1.	OTHER
55	703	705	803	179	840	204	The	OTHER
56	707	715	845	179	933	204	following	OTHER
57	717	727	938	179	1056	204	information	OTHER
58	729	736	1061	179	1136	205	reflects	OTHER
59	738	741	1141	179	1188	205	your	OTHER
60	743	747	1193	180	1237	205	final	OTHER
61	749	752	1241	180	1290	205	2018	OTHER
62	754	756	1295	180	1334	205	pay	OTHER
63	758	761	1338	180	1382	205	stub	OTHER
64	763	766	1387	180	1432	205	plus	OTHER
65	768	770	1437	180	1476	205	any	OTHER
66	772	782	1481	180	1607	205	adjustments	OTHER
67	784	792	1611	180	1712	205	submitted	OTHER
68	794	795	1717	180	1742	206	by	OTHER
69	797	800	1747	180	1794	206	your	OTHER
70	802	810	1799	180	1908	206	employer.	OTHER
71	813	813	18	203	32	223	d	OTHER
72	815	821	45	203	92	224	Control	OTHER
73	823	828	94	200	152	224	number	OTHER
74	843	845	217	211	246	235	150	OTHER
75	847	851	269	203	305	225	Corp.	OTHER
76	857	864	444	204	500	228	Employer	OTHER
77	866	868	503	204	524	228	use	OTHER
78	870	873	528	205	562	230	only	OTHER
79	919	923	841	216	875	241	Gross	OTHER
80	925	927	880	217	904	241	Pay	OTHER
81	932	937	974	217	1014	238	229967	OTHER
82	939	940	1017	217	1025	237	.1	OTHER
83	947	952	1131	218	1172	240	Social	OTHER
84	954	961	1174	222	1224	242	Security	OTHER
85	963	969	1283	215	1330	238	17480.3	OTHER
86	1106	1108	1551	219	1574	238	Tax	OTHER
87	1136	1138	1443	222	1462	240	Mi.	OTHER
88	1140	1144	1464	222	1497	239	State	OTHER
89	1146	1151	1499	220	1549	239	Income	OTHER
90	1153	1155	1131	236	1155	257	Tax	OTHER
91	1157	1163	1636	218	1679	237	5023.97	OTHER
92	1171	1179	57	260	115	284	mplayer's	OTHER
93	1181	1185	120	260	161	284	name,	OTHER
94	1187	1194	165	260	218	283	address,	OTHER
95	1196	1198	222	260	245	281	and	OTHER
96	1200	1202	248	260	270	280	ZIP	OTHER
97	1204	1207	273	259	314	279	code	OTHER
98	1300	1302	1443	240	1470	259	Box	OTHER
99	1304	1304	1159	253	1167	274	4	OTHER
100	1305	1312	1157	236	1224	257	Withheld	OTHER
101	1456	1457	1491	240	1503	259	of	OTHER
102	1459	1461	1184	252	1218	274	W.2	OTHER
103	1480	1482	1130	251	1156	274	Box	OTHER
104	1484	1485	1473	240	1488	259	17	OTHER
105	1489	1490	1170	253	1182	274	of	OTHER
106	1492	1494	1506	240	1537	260	W-2	OTHER
107	1667	1672	1481	254	1533	275	Income	OTHER
108	1676	1678	1535	255	1560	275	Tax	OTHER
109	1682	1689	1637	254	1692	276	36355.93	OTHER
110	1697	1702	63	276	133	302	Smith,	employerName
111	1704	1710	137	276	224	300	Winters	employerName
112	1712	1714	228	277	266	299	and	employerName
113	1716	1724	270	277	379	300	Hernandez	employerName
114	1726	1728	382	278	422	301	and	employerName
115	1730	1733	425	279	473	302	Sons	employerName
116	1857	1859	1443	276	1471	297	Box	OTHER
117	1861	1862	1475	278	1488	297	19	OTHER
118	1864	1865	1492	278	1503	296	of	OTHER
119	1867	1869	1506	277	1536	296	W-2	OTHER
120	1877	1879	64	301	101	327	427	employerAddressStreet_name
121	1881	1886	106	301	178	326	Burton	employerAddressStreet_name
122	1888	1892	184	303	244	328	Burgs	employerAddressStreet_name
123	1978	1981	840	303	867	326	Fed.	OTHER
124	1983	1988	871	303	924	325	Income	OTHER
125	1990	1996	969	301	1014	323	20121.7	OTHER
126	2005	2012	1129	304	1190	325	Medicare	OTHER
127	2014	2016	1194	304	1217	323	Tax	OTHER
128	2025	2028	1309	302	1338	318	6014	OTHER
129	2030	2030	1341	302	1352	318	4	OTHER
130	2038	2041	61	328	112	353	West	employerAddressCity
131	2043	2050	116	328	211	353	Ryanberg	employerAddressCity
132	2052	2053	226	332	250	354	NH	employerAddressState
133	2055	2064	295	329	408	353	34884-4550	employerAddressZip
134	2139	2141	840	329	863	353	Tax	OTHER
135	2143	2150	867	329	933	352	Withheld	OTHER
136	2167	2174	1133	334	1194	354	Withheld	OTHER
137	2198	2201	1446	329	1467	352	SUI/	OTHER
138	2203	2209	1471	330	1521	353	SDI/FLI	OTHER
139	2318	2320	842	352	865	376	Box	OTHER
140	2322	2322	869	352	876	374	2	OTHER
141	2324	2325	880	351	892	374	of	OTHER
142	2327	2329	896	350	930	373	W-2	OTHER
143	2346	2348	1130	351	1156	373	Box	OTHER
144	2350	2350	1158	351	1167	372	6	OTHER
145	2352	2353	1170	351	1182	372	of	OTHER
146	2355	2357	1185	352	1214	373	W-2	OTHER
147	2377	2379	1446	351	1470	374	Box	OTHER
148	2381	2382	1473	350	1488	373	14	OTHER
149	2384	2385	1491	350	1502	372	of	OTHER
150	2387	2389	1506	352	1529	374	W.2	OTHER
151	2425	2429	268	409	331	433	Batch	OTHER
152	2453	2458	416	407	486	432	#02021	OTHER
153	2460	2462	19	449	43	470	elf	OTHER
154	2464	2472	48	449	117	470	Employees	OTHER
155	2474	2478	121	450	162	470	name,	OTHER
156	2480	2486	166	450	215	470	address	OTHER
157	2488	2490	219	450	243	469	and	OTHER
158	2492	2494	246	450	267	469	ZIP	OTHER
159	2496	2499	270	450	304	469	code	OTHER
160	2602	2603	776	469	798	496	2.	OTHER
161	2605	2608	802	469	851	497	Your	OTHER
162	2610	2614	856	470	917	497	Gross	OTHER
163	2616	2618	922	470	959	497	Pay	OTHER
164	2620	2622	964	470	1005	497	was	OTHER
165	2624	2631	1011	470	1098	497	adjusted	OTHER
166	2633	2634	1103	471	1128	497	as	OTHER
167	2636	2642	1133	471	1203	497	follows	OTHER
168	2644	2645	1208	471	1229	497	to	OTHER
169	2647	2653	1234	471	1320	497	produce	OTHER
170	2655	2658	1325	471	1372	497	your	OTHER
171	2660	2662	1376	471	1420	497	W-2	OTHER
172	2664	2673	1424	471	1528	497	Statement.	OTHER
173	2682	2686	66	499	119	522	Jerry	employeeName
174	2688	2690	161	497	200	524	Orr	employeeName
175	2698	2700	62	525	101	548	393	OTHER
176	2702	2709	105	524	199	548	Veronica	OTHER
177	2711	2717	205	524	289	546	Valleys	OTHER
178	2719	2723	294	524	354	545	Suite	OTHER
179	2725	2727	361	523	393	545	337	OTHER
180	2831	2836	1031	526	1080	550	Wages,	OTHER
181	2838	2842	1084	526	1115	549	Tips,	OTHER
182	2844	2848	1118	528	1144	550	other	OTHER
183	2855	2860	1237	526	1277	547	Social	OTHER
184	2862	2865	1280	526	1312	547	Secu	OTHER
185	2867	2872	1314	527	1365	550	Medica	OTHER
186	2887	2890	1446	526	1461	547	Mil.	OTHER
187	2892	2896	1464	526	1496	548	State	OTHER
188	2898	2903	1499	526	1558	548	Wages,	OTHER
189	2905	2912	1572	527	1621	548	Victoria	OTHER
190	2914	2919	1624	527	1672	549	Manors	OTHER
191	2927	2939	62	548	209	571	Franklinhaven	OTHER
192	2941	2942	227	549	253	570	PA	OTHER
193	2944	2953	295	549	399	572	76834-7642	OTHER
194	3060	3071	1031	550	1131	573	Compensation	OTHER
195	3083	3087	1234	552	1287	577	Wages	OTHER
196	3088	3092	1314	550	1368	579	Wages	OTHER
197	3117	3121	1446	553	1474	575	Tips.	OTHER
198	3123	3126	1476	554	1511	580	Etc.	OTHER
199	3267	3269	1032	569	1059	588	Box	OTHER
200	3271	3271	1062	569	1069	588	1	OTHER
201	3273	3274	1072	570	1084	589	of	OTHER
202	3276	3277	1086	570	1103	589	W-	OTHER
203	3279	3279	1104	571	1113	589	2	OTHER
204	3290	3292	1233	569	1261	593	Box	OTHER
205	3294	3294	1263	570	1271	593	3	OTHER
206	3296	3297	1274	570	1287	593	of	OTHER
207	3299	3300	1289	570	1304	593	W-	OTHER
208	3302	3302	1306	571	1312	593	2	OTHER
209	3304	3306	1314	571	1341	593	Box	OTHER
210	3308	3308	1343	571	1354	593	5	OTHER
211	3310	3311	1356	571	1368	593	of	OTHER
212	3313	3315	1370	572	1400	593	W-2	OTHER
213	3323	3325	1443	568	1470	592	Box	OTHER
214	3327	3328	1473	569	1488	592	16	OTHER
215	3330	3331	1491	570	1503	593	of	OTHER
216	3333	3335	1507	571	1533	596	W.2	OTHER
217	3337	3341	1572	553	1607	574	Local	OTHER
218	3343	3348	1609	552	1663	573	Wages,	OTHER
219	3563	3565	1571	586	1600	607	Box	OTHER
220	3567	3568	1602	587	1617	608	18	OTHER
221	3570	3571	1619	587	1632	608	of	OTHER
222	3573	3574	1634	588	1660	610	W2	OTHER
223	3581	3590	49	606	118	627	Employer's	OTHER
224	3597	3606	61	620	152	644	32-1745124	einEmployerIdentificationNumber
225	3609	3611	120	606	147	627	FED	OTHER
226	3613	3614	149	606	164	627	ID	OTHER
227	3616	3621	166	606	217	628	number	OTHER
228	3635	3644	296	606	371	628	Employee's	OTHER
229	3645	3655	397	619	488	643	316-49-5793	ssnOfEmployee
230	3711	3713	374	606	401	628	SSA	OTHER
231	3715	3720	403	607	465	631	number	OTHER
232	3829	3833	841	625	875	647	Gross	OTHER
233	3884	3889	1235	624	1276	647	229967	OTHER
234	3891	3897	1323	627	1371	647	229967.	OTHER
235	3918	3924	1451	623	1494	643	229967.	OTHER
236	3936	3941	1579	622	1622	640	229967	OTHER
237	4044	4047	776	643	804	666	Plus	OTHER
238	4049	4051	806	641	833	663	GTL	OTHER
239	4053	4058	836	641	881	662	(C-Box	OTHER
240	4059	4061	878	626	905	648	Pay	OTHER
241	4180	4182	884	642	908	665	12)	OTHER
242	4202	4205	1034	634	1062	658	8646	OTHER
243	4207	4214	1065	625	1131	652	29967.09	OTHER
244	4356	4358	1032	654	1059	674	804	OTHER
245	4379	4382	1236	641	1270	661	3646	OTHER
246	4384	4387	1317	641	1349	659	3646	OTHER
247	4411	4413	1443	655	1473	679	804	OTHER
248	4420	4425	53	661	95	683	Wages,	OTHER
249	4427	4431	99	661	125	683	tips,	OTHER
250	4433	4437	129	661	163	683	other	OTHER
251	4439	4443	166	660	206	682	comp.	OTHER
252	4459	4465	299	661	345	684	Federal	OTHER
253	4467	4472	348	661	397	683	income	OTHER
254	4474	4476	399	662	420	683	tax	OTHER
255	4478	4485	423	661	478	682	withheld	OTHER
256	4516	4519	777	675	804	697	Less	OTHER
257	4521	4525	808	673	843	696	Other	OTHER
258	4527	4530	847	673	878	694	Cafe	OTHER
259	4532	4534	882	672	910	693	125	OTHER
260	4554	4561	1033	672	1090	696	20121.76	OTHER
261	4577	4579	1232	659	1264	684	NIA	OTHER
262	4581	4583	1312	661	1342	684	NIA	OTHER
263	4585	4585	1355	669	1365	688	7	OTHER
264	4611	4618	1447	674	1496	695	20121.76	OTHER
265	4619	4620	1489	689	1511	710	02	OTHER
266	4628	4630	1570	665	1597	683	NIA	OTHER
267	4632	4633	1612	673	1626	692	76	OTHER
268	4736	4743	777	693	834	715	Reported	OTHER
269	4745	4747	838	692	862	713	W-2	OTHER
270	4749	4753	865	692	911	713	Wages	OTHER
271	4798	4806	1236	688	1303	712	192365.02	OTHER
272	4830	4835	1444	683	1488	710	102365	OTHER
273	4849	4854	1573	684	1617	706	109365	OTHER
274	4856	4857	1618	688	1637	708	02	OTHER
275	4865	4870	54	714	88	734	social	OTHER
276	4872	4879	91	713	142	733	security	OTHER
277	4881	4885	144	711	186	732	wages	OTHER
278	4892	4900	60	721	143	750	228500.77	box3SocialSecurityWages
279	4930	4935	296	711	336	733	Social	OTHER
280	4937	4944	339	712	389	733	security	OTHER
281	4945	4949	397	724	437	748	17480	box4SocialSecurityTaxWithheld
282	5011	5013	391	713	413	733	tax	OTHER
283	5015	5021	415	713	465	733	withhel	OTHER
284	5089	5089	439	725	443	748	.	box4SocialSecurityTaxWithheld
285	5091	5092	445	725	469	748	31	box4SocialSecurityTaxWithheld
286	5099	5106	48	773	107	794	Medicare	OTHER
287	5110	5114	111	773	153	792	wages	OTHER
288	5116	5118	157	773	180	792	and	OTHER
289	5120	5123	183	773	213	791	tips	OTHER
290	5135	5142	295	774	356	792	Medicare	OTHER
291	5144	5146	359	774	380	792	tax	OTHER
292	5148	5155	383	772	439	792	withheld	OTHER
293	5195	5196	778	769	796	794	3.	OTHER
294	5198	5205	801	769	902	794	Employee	OTHER
295	5207	5209	907	769	947	793	W-4	OTHER
296	5211	5218	952	769	1026	793	Profile.	OTHER
297	5220	5221	1030	769	1056	793	To	OTHER
298	5223	5228	1061	769	1137	793	change	OTHER
299	5230	5233	1141	769	1188	793	your	OTHER
300	5235	5242	1193	769	1292	793	Employee	OTHER
301	5244	5246	1297	769	1339	793	W-4	OTHER
302	5248	5254	1343	769	1408	794	Profile	OTHER
303	5256	5267	1412	770	1536	794	Information,	OTHER
304	5269	5272	1541	770	1572	794	file	OTHER
305	5274	5274	1576	770	1588	794	a	OTHER
306	5276	5278	1592	770	1634	794	new	OTHER
307	5280	5282	1640	770	1681	794	W-4	OTHER
308	5284	5287	1685	770	1727	794	with	OTHER
309	5289	5292	1732	770	1777	795	your	OTHER
310	5294	5300	1782	770	1854	795	payroll	OTHER
311	5302	5306	1859	771	1905	795	dept.	OTHER
312	5314	5322	60	788	143	812	172910.34	OTHER
313	5364	5368	397	790	440	813	5014.	OTHER
314	5375	5380	52	829	89	852	Social	OTHER
315	5382	5389	93	828	141	851	security	OTHER
316	5391	5394	145	828	167	848	tips	OTHER
317	5412	5420	296	827	356	849	Allocated	OTHER
318	5422	5425	359	826	392	849	tips	OTHER
319	5565	5570	1443	830	1481	851	Social	OTHER
320	5572	5579	1484	831	1532	850	Security	OTHER
321	5581	5586	1534	831	1580	849	Number	OTHER
322	5596	5606	1637	827	1712	846	316-49-5793	OTHER
323	5834	5840	1636	840	1700	862	MARRIED	OTHER
324	5898	5906	397	841	473	867	172910.34	OTHER
325	5954	5958	846	847	910	870	Jerry	OTHER
326	5960	5962	958	849	999	868	Orr	OTHER
327	6036	6046	1442	861	1514	882	Exemptions/	OTHER
328	6048	6058	1516	859	1585	882	Allowances:	OTHER
329	6064	6075	47	878	121	900	Verification	OTHER
330	6077	6080	124	878	158	900	Code	OTHER
331	6101	6109	299	879	368	901	Dependent	OTHER
332	6111	6114	372	878	400	900	care	OTHER
333	6116	6123	404	877	453	899	benefits	OTHER
334	6172	6174	844	884	886	909	393	OTHER
335	6176	6183	894	885	1003	908	Veronica	OTHER
336	6185	6191	1010	884	1108	907	Valleys	OTHER
337	6193	6197	1117	883	1186	906	Suite	OTHER
338	6199	6201	1195	882	1234	906	337	OTHER
339	6255	6260	1446	888	1499	909	STATE.	OTHER
340	6374	6377	842	916	899	941	West	OTHER
341	6379	6386	908	916	1016	941	Ryanberg	OTHER
342	6388	6389	1038	917	1067	938	NH	OTHER
343	6458	6463	1444	908	1492	930	LOCAL:	OTHER
344	6469	6480	50	929	132	950	Nonqualified	OTHER
345	6482	6486	135	931	179	950	plans	OTHER
346	6504	6506	270	931	297	953	12a	OTHER
347	6508	6510	301	931	324	953	See	OTHER
348	6512	6523	328	929	400	953	instructions	OTHER
349	6525	6527	403	928	422	951	for	OTHER
350	6529	6531	425	928	451	951	box	OTHER
351	6533	6534	453	927	476	950	12	OTHER
352	6541	6543	61	942	94	968	194	OTHER
353	6549	6553	56	982	94	1004	Other	OTHER
354	6598	6600	397	993	426	1019	275	OTHER
355	6655	6657	397	1033	411	1064	Bid	OTHER
356	6659	6663	417	1034	440	1064	party	OTHER
357	6665	6668	445	1036	462	1065	sick	OTHER
358	6670	6672	467	1037	486	1065	Day	OTHER
359	6680	6681	59	1088	86	1112	MI	OTHER
360	6683	6692	125	1074	188	1097	Employers'	OTHER
361	6699	6703	53	1075	88	1096	State	OTHER
362	6716	6720	191	1073	219	1097	state	OTHER
363	6722	6723	222	1073	233	1097	10	OTHER
364	6725	6727	236	1072	264	1097	no.	OTHER
365	6729	6730	270	1072	290	1097	16	OTHER
366	6732	6736	305	1071	337	1097	State	OTHER
367	6738	6742	340	1070	378	1097	wages	OTHER
368	6744	6744	381	1070	386	1097	,	OTHER
369	6746	6749	389	1070	409	1097	tips	OTHER
370	6751	6751	412	1070	417	1096	,	OTHER
371	6753	6755	420	1070	437	1096	etc	OTHER
372	6757	6757	440	1070	454	1096	.	OTHER
373	6774	6783	124	1091	213	1112	635-40-222	OTHER
374	6812	6816	398	1091	433	1116	97892	box16StateWagesTips
375	6818	6818	438	1091	441	1116	.	box16StateWagesTips
376	6820	6821	446	1089	457	1115	27	box16StateWagesTips
377	6828	6832	57	1124	88	1146	State	OTHER
378	6834	6839	92	1125	139	1146	income	OTHER
379	6841	6843	143	1125	164	1145	tax	OTHER
380	6858	6859	271	1127	289	1148	18	OTHER
381	6861	6865	303	1126	338	1149	Local	OTHER
382	6867	6872	342	1125	387	1149	wages,	OTHER
383	6874	6878	390	1124	418	1148	tips,	OTHER
384	6880	6883	422	1123	454	1147	etc.	OTHER
385	6891	6897	60	1141	125	1165	5023.97	box17StateIncomeTax
386	6938	6943	396	1142	444	1166	175025	OTHER
387	6945	6947	447	1138	473	1165	.73	OTHER
388	6954	6957	55	1186	90	1207	Logg	OTHER
389	6959	6964	93	1182	141	1206	income	OTHER
390	6966	6968	144	1178	166	1201	tax	OTHER
391	6986	6993	302	1179	353	1201	Locality	OTHER
392	6995	6998	356	1179	398	1204	name	OTHER
393	7002	7009	395	1193	463	1219	victoria	OTHER
394	7011	7016	467	1197	515	1220	Manors	OTHER
395	7050	7050	777	1194	786	1217	@	OTHER
396	7052	7055	790	1193	817	1216	2018	OTHER
397	7057	7060	822	1193	852	1215	ADP,	OTHER
398	7062	7064	856	1193	887	1215	LLC	OTHER
399	7072	7077	49	1301	95	1322	Wages,	OTHER
400	7079	7083	97	1301	126	1322	tips,	OTHER
401	7085	7089	128	1300	163	1322	other	OTHER
402	7091	7095	165	1299	207	1322	comp.	OTHER
403	7105	7111	295	1300	344	1323	Federal	OTHER
404	7113	7118	347	1299	396	1323	income	OTHER
405	7120	7122	398	1299	420	1322	tax	OTHER
406	7124	7131	423	1298	481	1321	withheld	OTHER
407	7154	7159	678	1300	725	1321	Wages.	OTHER
408	7161	7165	729	1302	757	1322	tips,	OTHER
409	7167	7171	760	1301	795	1322	other	OTHER
410	7173	7177	797	1298	840	1321	comp.	OTHER
411	7188	7194	928	1298	980	1323	Federal	OTHER
412	7196	7201	983	1299	1031	1323	income	OTHER
413	7203	7205	1034	1300	1055	1323	tax	OTHER
414	7207	7213	1058	1299	1108	1322	withhel	OTHER
415	7243	7243	1317	1297	1331	1316	1	OTHER
416	7245	7250	1346	1299	1395	1321	Wages,	OTHER
417	7252	7256	1397	1301	1426	1322	tips,	OTHER
418	7258	7262	1428	1300	1463	1322	other	OTHER
419	7264	7268	1465	1297	1509	1321	comp.	OTHER
420	7283	7288	1608	1300	1647	1325	aderal	OTHER
421	7290	7296	1650	1301	1699	1326	inconis	OTHER
422	7298	7300	1702	1303	1723	1327	tax	OTHER
423	7302	7309	1726	1303	1779	1327	withbelt	OTHER
424	7444	7448	1032	1316	1071	1338	20121	OTHER
425	7450	7450	1074	1316	1078	1338	.	OTHER
426	7452	7453	1080	1316	1104	1338	76	OTHER
427	7459	7464	49	1340	89	1360	Social	OTHER
428	7466	7473	91	1340	142	1361	security	OTHER
429	7475	7479	143	1338	193	1360	wages	OTHER
430	7488	7488	269	1338	283	1359	4	OTHER
431	7490	7495	297	1338	337	1359	Social	OTHER
432	7497	7504	340	1337	390	1359	security	OTHER
433	7506	7508	392	1337	414	1359	tax	OTHER
434	7510	7517	416	1337	472	1358	withheld	OTHER
435	7543	7547	693	1339	719	1358	icial	OTHER
436	7549	7556	722	1340	773	1359	security	OTHER
437	7558	7562	774	1340	814	1359	wages	OTHER
438	7576	7581	932	1337	971	1362	Social	OTHER
439	7583	7590	975	1337	1024	1361	security	OTHER
440	7592	7594	1027	1337	1048	1360	tax	OTHER
441	7596	7603	1051	1337	1107	1360	withheld	OTHER
442	7630	7630	1316	1339	1328	1355	3	OTHER
443	7632	7637	1347	1340	1388	1358	Social	OTHER
444	7639	7646	1390	1340	1441	1358	security	OTHER
445	7648	7652	1443	1338	1487	1358	wages	OTHER
446	7668	7673	1600	1338	1640	1362	Social	OTHER
447	7675	7682	1643	1338	1692	1361	security	OTHER
448	7683	7683	655	1749	668	1768	1	OTHER
449	7684	7684	1317	1640	1328	1657	7	OTHER
450	7688	7688	109	1355	114	1377	.	OTHER
451	7920	7922	1695	1337	1715	1360	tax	OTHER
452	7924	7931	1719	1337	1777	1359	withheld	OTHER
453	8171	8172	1750	1351	1767	1373	31	OTHER
454	8177	8182	60	1356	108	1380	228500	OTHER
455	8184	8184	1429	1356	1435	1374	.	OTHER
456	8186	8187	116	1352	140	1376	77	OTHER
457	8224	8228	395	1359	437	1378	17480	OTHER
458	8230	8232	438	1357	469	1378	.31	OTHER
459	8264	8272	712	1354	791	1376	228500.77	OTHER
460	8356	8361	1379	1357	1429	1375	228500	OTHER
461	8367	8374	47	1380	107	1401	Medicare	OTHER
462	8376	8380	110	1379	154	1400	wages	OTHER
463	8382	8384	156	1378	181	1398	and	OTHER
464	8386	8389	182	1377	206	1397	tips	OTHER
465	8396	8396	270	1379	284	1398	5	OTHER
466	8398	8405	295	1379	357	1399	Medicare	OTHER
467	8407	8409	358	1379	381	1399	tax	OTHER
468	8411	8418	382	1379	439	1399	withheld	OTHER
469	8454	8457	711	1381	739	1398	care	OTHER
470	8459	8463	741	1380	785	1399	wages	OTHER
471	8465	8467	786	1379	813	1399	and	OTHER
472	8469	8472	813	1377	841	1398	tips	OTHER
473	8482	8489	929	1377	990	1400	Medicare	OTHER
474	8491	8493	992	1377	1014	1399	tax	OTHER
475	8495	8499	1031	1361	1070	1381	17480	OTHER
476	8636	8643	1016	1378	1078	1399	withheld	OTHER
477	8644	8646	1072	1360	1103	1380	.31	OTHER
478	8676	8676	1316	1378	1328	1395	5	OTHER
479	8678	8685	1346	1380	1408	1398	Medicare	OTHER
480	8688	8692	1410	1380	1454	1399	wages	OTHER
481	8693	8693	110	1399	115	1421	.	OTHER
482	8695	8697	1455	1379	1480	1399	and	OTHER
483	8698	8699	1435	1354	1458	1373	77	OTHER
484	8701	8704	1481	1377	1506	1399	tips	OTHER
485	8715	8722	1600	1379	1659	1399	Medicare	OTHER
486	8724	8726	1661	1379	1683	1398	tax	OTHER
487	8728	8735	1685	1376	1751	1398	withheld	OTHER
488	8741	8746	59	1399	108	1421	172910	OTHER
489	8748	8748	1430	1664	1436	1680	.	OTHER
490	8750	8751	117	1397	142	1420	34	OTHER
491	8788	8792	397	1396	441	1419	5014.	OTHER
492	8828	8835	721	1393	791	1414	72910.34	OTHER
493	8874	8879	1033	1396	1084	1419	5014.4	OTHER
494	8919	8927	1379	1390	1459	1417	172910.34	OTHER
495	8967	8972	1700	1395	1754	1419	9014.4	OTHER
496	9001	9003	217	1432	246	1455	150	OTHER
497	9005	9009	270	1424	308	1444	Corp.	OTHER
498	9056	9062	675	1424	721	1448	Control	OTHER
499	9064	9069	723	1422	776	1445	number	OTHER
500	9083	9085	838	1425	854	1450	Lie	OTHER
501	9087	9089	856	1425	883	1451	pt-	OTHER
502	9116	9123	1079	1419	1134	1445	Employer	OTHER
503	9125	9127	1137	1422	1160	1445	use	OTHER
504	9129	9132	1163	1422	1197	1445	only	OTHER
505	9150	9156	1345	1423	1390	1447	Control	OTHER
506	9158	9163	1392	1418	1452	1443	number	OTHER
507	9209	9216	1746	1421	1802	1446	Employer	OTHER
508	9218	9220	1806	1422	1827	1447	use	OTHER
509	9222	9225	1832	1422	1866	1448	only	OTHER
510	9229	9232	34	1434	71	1455	5944	OTHER
511	9237	9246	47	1456	117	1482	Employer's	OTHER
512	9248	9251	120	1459	161	1482	name	OTHER
513	9253	9254	164	1458	178	1482	at	OTHER
514	9256	9259	195	1459	219	1480	ess,	OTHER
515	9261	9263	222	1459	246	1480	and	OTHER
516	9265	9267	249	1459	270	1480	ZIP	OTHER
517	9269	9272	273	1459	309	1480	code	OTHER
518	9318	9327	679	1457	748	1480	Employer's	OTHER
519	9329	9333	751	1459	793	1481	name,	OTHER
520	9335	9342	796	1459	850	1482	address,	OTHER
521	9344	9346	853	1459	878	1482	and	OTHER
522	9348	9350	880	1459	902	1482	ZIP	OTHER
523	9352	9355	905	1459	939	1482	code	OTHER
524	9409	9409	1315	1455	1329	1476	c	OTHER
525	9411	9420	1346	1456	1415	1481	Employer's	OTHER
526	9422	9426	1419	1458	1461	1482	name,	OTHER
527	9428	9435	1464	1459	1518	1482	address,	OTHER
528	9437	9439	1521	1458	1546	1482	and	OTHER
529	9441	9443	1548	1458	1570	1482	ZIP	OTHER
530	9445	9448	1572	1457	1609	1481	code	OTHER
531	9455	9460	63	1481	134	1504	Smith,	OTHER
532	9462	9465	137	1481	181	1504	Wint	OTHER
533	9467	9469	228	1479	265	1501	and	OTHER
534	9471	9479	271	1479	375	1503	Hernandez	OTHER
535	9481	9483	383	1479	418	1504	and	OTHER
536	9485	9488	426	1479	467	1505	Sons	OTHER
537	9541	9546	714	1481	785	1502	Smith,	OTHER
538	9548	9554	790	1482	871	1503	Winters	OTHER
539	9556	9558	880	1482	915	1503	and	OTHER
540	9560	9568	923	1480	1025	1503	Hernandez	OTHER
541	9570	9572	1033	1480	1070	1502	and	OTHER
542	9574	9577	1078	1478	1126	1501	Sons	OTHER
543	9634	9639	1382	1482	1453	1504	Smith,	OTHER
544	9641	9647	1456	1481	1541	1504	Winters	OTHER
545	9649	9651	1547	1481	1584	1504	and	OTHER
546	9653	9661	1590	1480	1694	1504	Hernandez	OTHER
547	9663	9665	1702	1481	1739	1505	and	OTHER
548	9667	9670	1746	1481	1794	1506	Sons	OTHER
549	9678	9680	63	1506	101	1532	427	OTHER
550	9682	9687	104	1505	179	1530	Burton	OTHER
551	9689	9693	182	1505	246	1528	Burgs	OTHER
552	9763	9765	715	1507	751	1529	427	OTHER
553	9767	9772	757	1506	827	1529	Burton	OTHER
554	9774	9778	834	1505	895	1529	Burgs	OTHER
555	9856	9858	1383	1507	1420	1530	427	OTHER
556	9860	9865	1425	1507	1496	1530	Burton	OTHER
557	9867	9871	1502	1505	1559	1530	Burgs	OTHER
558	9879	9882	61	1530	112	1557	West	OTHER
559	9884	9891	116	1531	208	1557	Ryanberg	OTHER
560	9911	9919	305	1528	408	1557	4884-4550	OTHER
561	9965	9968	713	1531	764	1555	West	OTHER
562	9970	9977	767	1531	862	1555	Ryanberg	OTHER
563	9996	10005	945	1532	1055	1553	34884-4550	OTHER
564	10057	10060	1381	1531	1432	1555	West	OTHER
565	10062	10069	1435	1531	1530	1555	Ryanberg	OTHER
566	10088	10097	1614	1532	1725	1554	34884-4550	OTHER
567	10104	10113	48	1591	117	1614	Employer's	OTHER
568	10115	10117	120	1591	146	1614	FED	OTHER
569	10119	10120	148	1591	164	1614	ID	OTHER
570	10122	10127	167	1589	220	1613	number	OTHER
571	10142	10151	297	1590	371	1613	Employee's	OTHER
572	10153	10155	374	1591	400	1614	SSA	OTHER
573	10157	10162	404	1591	460	1614	number	OTHER
574	10186	10195	681	1592	749	1613	Employer's	OTHER
575	10286	10295	712	1605	800	1624	39-1745124	OTHER
576	10298	10300	752	1592	779	1613	FED	OTHER
577	10302	10303	782	1592	796	1612	ID	OTHER
578	10305	10310	799	1591	853	1612	number	OTHER
579	10317	10317	905	1589	920	1613	a	OTHER
580	10319	10328	930	1590	1006	1614	Employee's	OTHER
581	10330	10333	1009	1591	1035	1614	S.SA	OTHER
582	10335	10340	1038	1591	1096	1613	number	OTHER
583	10371	10371	1314	1591	1328	1611	I	OTHER
584	10373	10382	1347	1592	1418	1613	Employer's	OTHER
585	10384	10386	1420	1592	1447	1613	FED	OTHER
586	10388	10389	1449	1592	1464	1613	ID	OTHER
587	10391	10396	1466	1592	1521	1613	number	OTHER
588	10413	10413	1572	1592	1588	1614	a	OTHER
589	10415	10424	1600	1592	1675	1614	Employee's	OTHER
590	10426	10428	1678	1592	1703	1613	SSA	OTHER
591	10430	10435	1706	1592	1763	1613	number	OTHER
592	10444	10453	61	1609	149	1629	38-1745124	OTHER
593	10620	10629	1381	1609	1465	1628	38-1745124	OTHER
594	10636	10641	49	1642	89	1666	Social	OTHER
595	10643	10650	92	1645	141	1667	security	OTHER
596	10652	10655	144	1644	169	1667	tips	OTHER
597	10673	10681	296	1644	356	1666	Allocated	OTHER
598	10683	10687	360	1647	387	1666	tipis	OTHER
599	10718	10723	681	1644	721	1665	Social	OTHER
600	10724	10730	712	1661	768	1680	223500.	OTHER
601	10827	10834	723	1647	773	1666	security	OTHER
602	10836	10838	776	1648	793	1666	tip	OTHER
603	10855	10863	931	1645	991	1665	Allocated	OTHER
604	10865	10868	994	1647	1024	1667	tips	OTHER
605	10906	10906	1323	2090	1335	2108	7	OTHER
606	10908	10913	1348	1645	1389	1667	Social	OTHER
607	10915	10922	1391	1648	1441	1670	security	OTHER
608	10924	10927	1443	1649	1463	1670	tips	OTHER
609	10952	10960	1599	1645	1659	1666	Allocated	OTHER
610	10962	10965	1662	1648	1688	1668	tips	OTHER
611	10974	10979	61	1663	110	1681	228500	OTHER
612	10981	10983	111	1663	139	1681	.77	OTHER
613	11025	11031	399	1663	450	1683	172910.	OTHER
614	11033	11034	454	1662	466	1681	34	OTHER
615	11103	11108	1032	1665	1079	1683	172910	OTHER
616	11110	11112	1083	1663	1101	1683	.34	OTHER
617	11149	11154	1381	1661	1428	1681	223500	OTHER
618	11156	11156	438	2056	442	2077	.	OTHER
619	11158	11159	1437	1663	1449	1680	37	OTHER
620	11201	11209	1700	1662	1777	1682	172910.34	OTHER
621	11216	11227	48	1696	121	1719	Verification	OTHER
622	11229	11232	124	1696	158	1717	Code	OTHER
623	11254	11262	298	1696	367	1718	Dependent	OTHER
624	11264	11267	371	1697	399	1718	care	OTHER
625	11269	11276	403	1696	453	1718	benefits	OTHER
626	11298	11309	682	1696	752	1717	Verification	OTHER
627	11311	11314	754	1697	790	1719	Code	OTHER
628	11332	11340	933	1694	1003	1719	Dependent	OTHER
629	11342	11345	1007	1698	1034	1719	care	OTHER
630	11347	11354	1038	1697	1090	1719	benefits	OTHER
631	11385	11396	1346	1696	1421	1716	Verification	OTHER
632	11398	11401	1423	1696	1462	1717	Code	OTHER
633	11429	11437	1601	1696	1672	1719	Dependent	OTHER
634	11439	11442	1674	1698	1704	1719	care	OTHER
635	11444	11451	1706	1699	1761	1719	benefits	OTHER
636	11458	11469	53	1749	133	1767	Nonqualified	OTHER
637	11471	11475	135	1749	177	1767	plans	OTHER
638	11492	11494	269	1749	296	1773	12a	OTHER
639	11496	11498	300	1749	323	1773	See	OTHER
640	11500	11511	327	1748	401	1773	instructions	OTHER
641	11513	11515	404	1747	420	1771	for	OTHER
642	11517	11519	424	1746	451	1770	box	OTHER
643	11521	11522	454	1744	473	1768	12	OTHER
644	11537	11548	682	1749	764	1771	Nonqualified	OTHER
645	11550	11554	767	1750	806	1771	plans	OTHER
646	11574	11575	911	1748	931	1772	za	OTHER
647	11577	11579	935	1748	959	1772	See	OTHER
648	11581	11592	962	1749	1035	1772	instructions	OTHER
649	11594	11596	1038	1749	1056	1772	for	OTHER
650	11598	11600	1059	1749	1086	1771	box	OTHER
651	11602	11603	1090	1748	1107	1770	12	OTHER
652	11628	11629	1317	1750	1336	1768	11	OTHER
653	11631	11642	1349	1749	1432	1770	Nonqualified	OTHER
654	11644	11648	1434	1749	1475	1770	plans	OTHER
655	11668	11670	1571	1748	1600	1771	12a	OTHER
656	11672	11674	1602	1749	1627	1772	See	OTHER
657	11676	11687	1629	1749	1703	1772	instructions	OTHER
658	11689	11691	1706	1749	1724	1772	for	OTHER
659	11693	11696	1726	1747	1754	1771	hisx	OTHER
660	11698	11699	1757	1746	1778	1770	12	OTHER
661	11707	11709	60	1766	90	1787	194	OTHER
662	11789	11791	711	1767	742	1784	194	OTHER
663	11882	11884	1380	1768	1409	1784	194	OTHER
664	11891	11895	55	1800	86	1818	Other	OTHER
665	11968	11969	649	1798	668	1817	14	OTHER
666	11971	11975	685	1800	723	1821	Other	OTHER
667	12061	12062	1317	1801	1334	1817	14	OTHER
668	12064	12068	1353	1801	1388	1820	Other	OTHER
669	12071	12073	18	1890	42	1912	eif	OTHER
670	12075	12083	49	1891	118	1914	Employees	OTHER
671	12085	12089	122	1892	163	1914	name.	OTHER
672	12091	12097	167	1892	216	1914	address	OTHER
673	12099	12101	220	1891	244	1913	and	OTHER
674	12103	12105	248	1891	268	1912	ZIP	OTHER
675	12107	12110	272	1890	307	1911	code	OTHER
676	12153	12155	648	1894	672	1913	eff	OTHER
677	12157	12165	678	1894	750	1915	Employees	OTHER
678	12167	12171	752	1894	795	1915	name,	OTHER
679	12173	12179	796	1893	848	1915	address	OTHER
680	12181	12183	849	1892	875	1914	and	OTHER
681	12185	12187	877	1892	898	1913	ZIP	OTHER
682	12189	12192	900	1891	937	1912	code	OTHER
683	12246	12248	1317	1891	1341	1913	eit	OTHER
684	12250	12258	1347	1892	1417	1915	Employees	OTHER
685	12260	12264	1420	1893	1462	1915	name,	OTHER
686	12266	12272	1465	1892	1515	1915	address	OTHER
687	12274	12276	1518	1892	1543	1914	and	OTHER
688	12278	12280	1546	1891	1567	1912	ZIP	OTHER
689	12282	12285	1570	1890	1606	1911	code	OTHER
690	12294	12298	64	1930	124	1957	Jerry	OTHER
691	12300	12302	162	1933	194	1954	orr	OTHER
692	12471	12475	1384	1931	1442	1956	Jerry	OTHER
693	12477	12479	1481	1929	1518	1952	orr	OTHER
694	12487	12489	64	1954	101	1980	393	OTHER
695	12491	12498	106	1954	201	1980	Veronica	OTHER
696	12500	12506	206	1955	290	1979	valleys	OTHER
697	12508	12512	295	1956	356	1979	suite	OTHER
698	12514	12516	361	1956	393	1978	337	OTHER
699	12572	12574	715	1955	751	1979	393	OTHER
700	12576	12583	756	1955	852	1981	Veronica	OTHER
701	12585	12590	856	1958	927	1985	Valley	OTHER
702	12700	12701	912	1953	938	1977	ys	OTHER
703	12703	12707	945	1956	1004	1979	suite	OTHER
704	12709	12711	1013	1957	1050	1979	337	OTHER
705	12775	12777	1382	1955	1420	1980	393	OTHER
706	12779	12786	1424	1956	1519	1980	Veronica	OTHER
707	12788	12794	1524	1956	1609	1980	Valleys	OTHER
708	12796	12800	1613	1957	1674	1980	suite	OTHER
709	12802	12804	1680	1957	1716	1979	337	OTHER
710	12812	12824	62	1980	211	2004	Franklinhaven	OTHER
711	12826	12827	227	1982	250	2003	PA	OTHER
712	12829	12838	295	1979	407	2002	76834-7642	OTHER
713	12897	12909	714	1980	861	2005	Franklinhaven	OTHER
714	12911	12911	879	1982	888	2005	P	OTHER
715	12917	12926	946	1980	1057	2003	76834-7642	OTHER
716	12990	13002	1381	1981	1529	2006	Franklinhaven	OTHER
717	13004	13005	1546	1983	1572	2003	PA	OTHER
718	13007	13016	1615	1979	1724	2004	76834-7642	OTHER
719	13034	13043	124	2038	187	2059	Employers'	OTHER
720	13045	13049	191	2038	218	2058	state	OTHER
721	13051	13052	222	2038	233	2058	10	OTHER
722	13054	13056	236	2038	264	2058	no.	OTHER
723	13058	13059	270	2038	289	2059	16	OTHER
724	13061	13065	53	2040	84	2057	State	OTHER
725	13067	13072	339	2038	386	2059	wages,	OTHER
726	13073	13077	397	2054	436	2077	97892	OTHER
727	13137	13141	388	2039	416	2060	tips,	OTHER
728	13143	13146	418	2040	452	2060	etc.	OTHER
729	13161	13162	649	2039	667	2057	15	OTHER
730	13164	13168	304	2038	336	2059	State	OTHER
731	13182	13191	776	2037	838	2060	Employers'	OTHER
732	13193	13197	842	2037	869	2060	state	OTHER
733	13199	13200	872	2037	883	2060	10	OTHER
734	13202	13203	887	2037	901	2060	no	OTHER
735	13205	13206	904	2037	925	2060	16	OTHER
736	13208	13212	684	2039	719	2059	State	OTHER
737	13214	13219	975	2037	1019	2059	wages,	OTHER
738	13221	13225	1023	2038	1049	2059	tips,	OTHER
739	13227	13230	1054	2038	1077	2058	etc.	OTHER
740	13257	13261	940	2037	971	2060	State	OTHER
741	13275	13284	1449	2039	1507	2062	miplayers'	OTHER
742	13291	13295	1351	2039	1388	2060	State	OTHER
743	13303	13304	60	2052	83	2070	MI	OTHER
744	13306	13314	123	2053	201	2074	35-40-222	OTHER
745	13361	13361	1074	2056	1078	2074	.	OTHER
746	13363	13364	444	2055	459	2077	27	OTHER
747	13387	13388	710	2053	732	2076	MI	OTHER
748	13390	13398	775	2054	853	2078	35-40-222	OTHER
749	13441	13445	1033	2056	1072	2075	97892	OTHER
750	13447	13447	93	2108	99	2130	.	OTHER
751	13449	13449	1080	2056	1092	2074	2	OTHER
752	13494	13501	1450	2054	1522	2078	5-40-222	OTHER
753	13502	13506	1510	2039	1537	2060	state	OTHER
754	13508	13509	1540	2038	1553	2059	ID	OTHER
755	13511	13512	1555	2038	1571	2059	ne	OTHER
756	13514	13515	1573	2038	1594	2059	16	OTHER
757	13517	13521	1608	2038	1640	2059	State	OTHER
758	13523	13528	1643	2038	1688	2060	wages,	OTHER
759	13529	13536	1700	2054	1760	2078	97382.27	OTHER
760	13775	13779	1691	2039	1718	2060	tips,	OTHER
761	13781	13784	1721	2040	1757	2062	etc.	OTHER
762	13793	13797	57	2089	88	2110	State	OTHER
763	13799	13804	91	2089	140	2109	income	OTHER
764	13806	13808	142	2090	166	2109	tax	OTHER
765	13826	13826	275	2089	288	2108	8	OTHER
766	13828	13832	302	2089	338	2109	Local	OTHER
767	13834	13839	341	2089	387	2111	wages,	OTHER
768	13841	13845	390	2090	419	2112	tips,	OTHER
769	13847	13850	421	2091	453	2113	etc.	OTHER
770	13874	13878	688	2088	719	2109	State	OTHER
771	13880	13885	722	2091	771	2109	income	OTHER
772	13887	13889	774	2089	792	2108	tax	OTHER
773	13915	13919	936	2090	973	2112	Local	OTHER
774	13921	13926	976	2090	1022	2111	wages,	OTHER
775	13927	13932	397	2106	444	2128	175025	OTHER
776	14078	14082	1024	2090	1053	2110	tips,	OTHER
777	14084	14087	1055	2092	1088	2112	etc.	OTHER
778	14088	14089	1089	2106	1103	2127	73	OTHER
779	14113	14117	1355	2089	1389	2109	State	OTHER
780	14119	14124	1390	2089	1440	2109	income	OTHER
781	14126	14127	1441	2090	1456	2109	ta	OTHER
782	14155	14159	1604	2090	1642	2111	Local	OTHER
783	14161	14166	1644	2091	1690	2113	wages,	OTHER
784	14168	14172	1693	2093	1721	2114	tips,	OTHER
785	14174	14177	1723	2095	1758	2115	etc.	OTHER
786	14184	14187	61	2108	92	2130	5023	OTHER
787	14191	14192	100	2106	124	2130	97	OTHER
788	14241	14241	682	2290	688	2310	2	OTHER
789	14244	14246	446	2106	473	2127	.73	OTHER
790	14269	14275	712	2103	775	2128	5023.97	OTHER
791	14362	14365	1381	2107	1411	2126	5023	OTHER
792	14367	14369	1413	2108	1443	2126	.97	OTHER
793	14377	14381	54	2141	91	2162	Local	OTHER
794	14384	14389	93	2142	142	2162	income	OTHER
795	14391	14393	144	2140	168	2161	tax	OTHER
796	14410	14411	269	2142	288	2161	20	OTHER
797	14413	14420	303	2142	355	2163	Locality	OTHER
798	14422	14425	357	2143	399	2165	name	OTHER
799	14431	14432	774	2142	783	2162	to	OTHER
800	14437	14442	467	2161	514	2183	Manors	OTHER
801	14459	14463	685	2141	721	2163	Local	OTHER
802	14464	14471	61	2157	135	2181	36355.93	OTHER
803	14568	14573	725	2142	772	2162	income	OTHER
804	14575	14576	62	2291	77	2309	to	OTHER
805	14601	14608	937	2143	989	2164	Locality	OTHER
806	14610	14617	395	2157	464	2183	victoria	OTHER
807	14762	14765	991	2143	1034	2165	name	OTHER
808	14767	14772	1102	2160	1153	2183	Manors	OTHER
809	14794	14795	1317	2138	1337	2159	19	OTHER
810	14797	14801	1353	2140	1390	2161	Local	OTHER
811	14803	14808	1393	2141	1442	2161	income	OTHER
812	14810	14812	1444	2142	1463	2161	tax	OTHER
813	14838	14845	1605	2142	1657	2163	Locality	OTHER
814	14847	14850	1660	2143	1703	2165	name	OTHER
815	14859	14866	712	2155	783	2177	36355.93	OTHER
816	15037	15044	1381	2156	1450	2177	36355.93	OTHER
817	15088	15095	1699	2156	1767	2183	Victoria	OTHER
818	15097	15102	1770	2161	1828	2183	Manors	OTHER
819	15120	15126	122	2198	190	2220	Federal	OTHER
820	15167	15170	421	2199	472	2224	Copy	OTHER
821	15206	15208	772	2197	795	2220	MI.	OTHER
822	15210	15214	797	2198	846	2221	State	OTHER
823	15297	15300	1426	2197	1455	2223	City	OTHER
824	15302	15303	1459	2196	1476	2221	or	OTHER
825	15305	15309	1480	2196	1537	2222	Local	OTHER
826	15311	15316	911	2200	960	2222	Filing	OTHER
827	15345	15348	1057	2201	1098	2222	Copy	OTHER
828	15378	15381	200	2221	258	2245	Wage	OTHER
829	15391	15393	284	2213	322	2238	and	OTHER
830	15400	15402	349	2219	379	2243	Tax	OTHER
831	15461	15464	842	2219	901	2244	Wage	OTHER
832	15466	15471	1579	2201	1628	2224	Filing	OTHER
833	15475	15477	918	2217	958	2243	and	OTHER
834	15479	15481	985	2220	1016	2240	Tax	OTHER
835	15483	15486	1724	2198	1773	2221	Copy	OTHER
836	15557	15560	1511	2219	1570	2246	Wage	OTHER
837	15566	15568	1586	2216	1623	2240	and	OTHER
838	15577	15579	1652	2218	1683	2241	Tax	OTHER
839	15581	15583	20	2250	87	2279	W-2	OTHER
840	15609	15617	195	2248	280	2271	Statement	OTHER
841	15642	15645	412	2251	485	2279	2018	OTHER
842	15664	15666	652	2249	719	2281	W-2	OTHER
843	15694	15702	840	2247	927	2268	Statement	OTHER
844	15727	15730	1049	2253	1125	2281	2018	OTHER
845	15756	15758	1320	2250	1381	2282	W-2	OTHER
846	15788	15796	1509	2247	1594	2269	Statement	OTHER
847	15819	15822	1715	2251	1789	2280	2018	OTHER
848	15824	15827	18	2291	49	2309	Copy	OTHER
849	15829	15829	50	2291	60	2309	B	OTHER
850	15831	15832	691	2290	704	2310	to	OTHER
851	15834	15835	78	2291	94	2310	be	OTHER
852	15837	15842	95	2291	121	2310	filled	OTHER
853	15844	15847	123	2291	149	2310	with	OTHER
854	15849	15858	151	2290	217	2310	employee's	OTHER
855	15860	15866	219	2290	263	2310	Federal	OTHER
856	15868	15873	266	2289	311	2310	Income	OTHER
857	15875	15877	313	2289	335	2309	Tax	OTHER
858	15879	15884	337	2288	382	2309	Return	OTHER
859	15886	15888	398	2287	427	2308	OMB	OTHER
860	15890	15892	430	2287	453	2308	No.	OTHER
861	15894	15902	456	2285	520	2307	1545-0008	OTHER
862	15906	15909	648	2290	679	2311	Copy	OTHER
863	15911	15911	1350	2291	1357	2310	2	OTHER
864	15913	15914	1360	2291	1373	2310	to	OTHER
865	15916	15917	707	2290	721	2310	be	OTHER
866	15919	15923	725	2290	749	2310	filed	OTHER
867	15925	15928	753	2290	777	2310	with	OTHER
868	15930	15939	780	2290	846	2309	employee's	OTHER
869	15941	15945	850	2289	879	2309	State	OTHER
870	15947	15952	883	2289	927	2309	Income	OTHER
871	15954	15956	931	2289	951	2309	Tax	OTHER
872	15958	15963	954	2288	1000	2308	Return	OTHER
873	15965	15967	1032	2288	1062	2309	OMB	OTHER
874	15969	15971	1065	2288	1087	2309	No.	OTHER
875	15973	15981	1091	2285	1151	2308	1545-0008	OTHER
876	15999	16002	1317	2291	1347	2310	Copy	OTHER
877	16009	16010	1376	2290	1390	2310	be	OTHER
878	16012	16016	1393	2290	1417	2310	filed	OTHER
879	16018	16021	1420	2290	1446	2310	with	OTHER
880	16023	16032	1449	2290	1515	2310	employee's	OTHER
881	16034	16037	1518	2289	1542	2310	City	OTHER
882	16039	16040	1545	2289	1555	2310	or	OTHER
883	16042	16046	1558	2289	1590	2310	Local	OTHER
884	16048	16053	1593	2288	1638	2310	Income	OTHER
885	16055	16057	1641	2288	1661	2310	Tax	OTHER
886	16059	16067	1665	2287	1730	2309	ReturnONB	OTHER
887	16069	16071	1734	2287	1756	2309	No.	OTHER
888	16073	16081	1760	2286	1825	2308	1545-0008	OTHER
